image_width: 1280
image_height: 720
camera_name: camera 
camera_matrix:
  rows: 3
  cols: 3
  data: [1094.3947352324385, 0.0, 648.6014888768633, 0.0, 1092.2562395411594,359.23817074966706, 0.0, 0.0, 1.0]
distortion_model: plumb_bob
distortion_coefficients:
  rows: 1
  cols: 5
  data: [0.31613754106406833, -1.8201499529335174, 0.004360620233297568, -0.0018141705964881997, 3.1067761296763035]
rectification_matrix:
  rows: 3
  cols: 3
  data: [0.000000, 0.000000, 0.000000, 0.000000, 0.000000, 0.000000, 0.000000, 0.000000, 0.000000]
projection_matrix:
  rows: 3
  cols: 4
  data: [-43.771941871455134,-1158.9198004485504, 498.6947437415798, 1.0799261558760727, 1038.3560316611129, -61.66283452142491, 423.2145043450925, -5.078087723458212, -0.0677606545529941, -0.121281306581089, 0.962869824007993, 20.170387878514696]
